SpectrumID=SampleSpec
Time=16-03-2023 03:39:21 PM
DeadTime(%)=0.77
LiveTime=900
RealTime=907
Channels=0 1023
0
0
0
0
0
0
0
0
0
0
0
0
0
0
0
0
0
0
0
0
0
0
0
0
0
0
0
0
0
0
0
0
0
0
0
0
0
0
0
0
13
88
295
1082
2617
5359
4355
3796
4043
4263
4274
4342
4543
4624
4756
4644
4612
4827
4797
4714
4714
4701
4687
4665
4680
4669
4556
4566
4488
4464
4534
4441
4369
4439
4311
4183
4129
4139
4109
4082
4027
3921
4007
3856
3747
3677
3711
3794
3626
3596
3465
3551
3570
3539
3449
3456
3374
3302
3402
3258
3182
3369
3314
3362
3388
3464
3387
3449
3478
3482
3423
3446
3448
3422
3428
3448
3305
3345
3275
3293
3125
3017
2935
2831
2864
2830
2691
2631
2529
2439
2449
2363
2315
2259
2284
2165
2122
2100
2150
2113
1979
2036
1966
1929
1874
1955
1853
1780
1835
1763
1744
1676
1680
1670
1656
1546
1531
1615
1614
1577
1536
1488
1533
1507
1412
1416
1452
1434
1430
1389
1440
1301
1325
1324
1353
1360
1251
1313
1329
1284
1249
1272
1290
1304
1196
1243
1226
1156
1155
1142
1149
1196
1208
1256
1159
1125
1158
1131
1147
1127
1148
1116
1214
1123
1098
1069
1077
1052
1070
1116
1084
1095
1116
1016
1052
1069
1064
1057
980
1030
1034
1032
946
981
957
973
1011
1001
937
1058
940
976
960
889
1035
978
886
1004
947
983
958
979
954
935
931
945
932
889
942
920
878
945
909
916
918
914
939
877
933
917
923
917
930
882
875
921
979
894
949
879
923
888
884
937
891
876
853
847
878
800
884
886
903
917
875
888
897
928
879
906
887
859
888
844
888
910
881
854
863
864
916
894
846
867
894
857
845
813
895
919
871
850
798
813
805
844
850
858
821
820
840
803
833
831
817
805
784
802
819
861
857
842
794
832
807
816
777
870
841
823
799
791
826
852
851
817
822
833
833
788
795
821
771
857
831
851
856
835
820
862
786
824
879
854
847
874
822
915
873
889
868
859
871
904
850
919
907
842
875
905
886
924
900
857
887
882
890
915
903
863
913
907
909
861
920
876
914
888
923
909
879
915
878
891
908
920
919
943
891
918
916
912
864
929
848
920
825
895
834
849
864
826
877
754
826
834
746
763
816
776
819
823
775
792
781
749
659
738
719
684
678
657
661
630
638
622
573
655
594
624
579
643
553
592
567
574
564
543
552
552
575
567
574
571
586
567
529
559
555
507
564
532
522
560
537
556
541
531
546
532
562
586
551
608
534
616
604
642
621
666
667
704
675
652
712
720
731
779
778
863
929
933
965
1007
1106
1063
1153
1219
1251
1288
1329
1335
1458
1416
1474
1482
1509
1635
1620
1638
1690
1599
1578
1611
1620
1608
1638
1615
1569
1532
1493
1506
1488
1385
1306
1275
1189
1148
1099
1072
988
987
935
817
764
794
669
588
630
529
552
518
513
490
468
456
433
455
420
474
441
462
426
491
531
478
549
540
595
647
703
726
714
748
841
852
883
916
963
998
1017
993
1069
1132
1155
1126
1149
1167
1268
1212
1206
1219
1206
1247
1235
1222
1278
1161
1131
1101
1047
1027
1053
994
949
932
948
798
759
743
692
670
604
608
527
508
469
443
399
402
323
333
326
271
214
231
214
188
181
173
163
125
142
127
108
102
77
84
86
83
75
70
60
82
62
65
85
63
68
50
60
54
52
59
45
65
47
44
42
55
45
42
42
43
46
36
49
45
38
26
26
30
39
24
32
31
29
37
26
30
31
38
26
21
20
27
21
26
24
21
25
24
26
24
16
16
21
19
21
23
16
19
20
17
23
24
25
19
25
21
18
21
19
25
30
22
21
16
22
10
30
22
19
16
19
17
23
21
21
17
15
18
16
13
23
22
14
13
14
15
20
26
13
21
13
12
18
17
21
11
17
17
18
19
13
22
11
24
15
14
9
18
23
18
7
9
14
11
18
17
8
12
9
19
7
10
10
21
18
11
23
14
15
16
11
16
16
17
19
13
10
17
18
16
15
25
11
22
14
24
19
27
34
18
25
32
22
22
31
33
27
30
27
30
27
35
41
35
47
33
39
31
36
37
55
56
52
56
57
72
61
112
236
538
538
329
199
121
72
59
39
28
17
13
5
3
2
1
1
0
0
0
0
0
0
0
0
0
1
0
0
0
0
0
0
0
0
0
0
0
0
0
0
0
0
0
0
0
0
0
0
0
0
0
0
0
0
0
0
0
0
0
0
0
0
0
0
0
0
0
0
0
0
0
0
0
0
0
0
0
0
0
0
0
0
0
0
0
0
0
0
0
0
0
0
0
0
0
0
0
0
0
0
0
0
0
0
0
0
0
0
0
0
0
0
0
0
0
0
0
0
0
0
0
0
0
0
0
0
0
0
0
0
0
0
0
0
0
0
0
0
0
0
0
0
0
0
0
0
0
0
0
0
0
0
0
0
0
0
0
0
0
0
0
0
0
0
0
0
0
0
0
0
0
0
0
0
0
0
0
0
0
0
0
0
0
0
0
0
0
0
0
0
0
