SpectrumID=SampleSpec
Time=16-03-2023 04:18:02 PM
DeadTime(%)=4.49
LiveTime=1000
RealTime=1047
Channels=0 1023
0
0
0
0
0
0
0
0
0
0
0
0
0
0
0
0
0
0
0
0
0
0
0
0
0
0
0
0
0
0
0
0
0
0
0
0
0
2
14
129
629
2783
9633
24176
56818
91182
71188
69083
74388
78149
79858
78767
74912
68607
59419
49198
39890
32560
27796
25165
23904
23533
23480
23938
23956
23837
24655
24663
24959
25005
24775
25017
24964
25572
25729
26161
26198
26442
26623
26536
26586
26841
26975
26577
26746
25972
25929
25780
25440
25370
24786
24859
24530
24454
24188
24055
23839
23691
22752
22553
22535
21998
21390
21139
21101
20779
20226
19896
19661
19153
19068
18834
18403
18179
18127
18365
18187
17794
17506
17770
17718
18116
18274
18583
18726
19441
19703
20011
20616
21387
21952
22333
22909
23562
24189
24527
25382
25705
25548
26150
26088
26264
26121
26076
26304
25743
25319
25318
24988
24915
25407
25378
26075
26435
27525
28648
29885
31425
33301
34766
36415
37827
38976
40429
41000
41026
41793
41349
40360
39624
37733
35843
33879
32047
29777
27673
25666
23400
21638
19541
17768
16876
15265
14266
13172
12235
11402
10966
10138
9626
9290
8819
8574
8107
7831
7786
7615
7634
7171
7161
7042
6957
6975
6819
6615
6497
6395
6324
6236
6007
5917
5710
5558
5422
5230
5014
4947
4845
4583
4533
4318
4112
3973
3778
3788
3708
3519
3392
3347
3316
3209
3107
3114
3154
2830
2974
2862
2852
2677
2728
2665
2660
2621
2632
2487
2521
2473
2426
2355
2487
2372
2390
2408
2377
2421
2379
2475
2406
2512
2461
2444
2524
2564
2721
2739
2867
3060
3176
3392
3633
3810
4087
4544
4898
5184
5827
6344
6918
7384
7995
8798
9721
10538
11193
12432
13015
13849
14928
15910
16468
17493
18299
19237
19749
20127
20454
20671
20694
21233
21263
20989
20210
19869
19309
18633
17471
16803
15855
14929
13891
12512
11926
11029
9719
8960
8099
7178
6525
5834
4953
4500
4037
3549
3292
2917
2688
2360
2127
2051
1946
1751
1703
1582
1538
1559
1521
1501
1438
1467
1392
1414
1386
1375
1412
1329
1294
1371
1312
1278
1336
1303
1224
1349
1287
1296
1224
1281
1239
1308
1261
1340
1235
1328
1226
1282
1214
1307
1209
1291
1270
1238
1294
1231
1252
1204
1235
1233
1278
1318
1279
1223
1266
1264
1195
1206
1275
1233
1231
1241
1291
1287
1226
1214
1245
1311
1284
1214
1253
1204
1191
1233
1264
1274
1223
1287
1227
1260
1218
1191
1246
1204
1179
1162
1134
1175
1118
1161
1114
1128
1186
1154
1123
1134
1109
1057
1122
1152
1070
1063
1050
1019
1057
993
1000
1010
985
937
939
934
909
923
888
922
870
817
840
866
880
816
852
810
805
799
820
811
817
797
792
787
784
787
793
705
807
790
767
799
806
774
704
734
809
790
778
805
806
791
735
742
804
848
794
806
826
792
900
880
951
919
952
1005
968
1102
1132
1152
1216
1145
1266
1318
1366
1349
1482
1524
1605
1591
1677
1716
1703
1776
1789
1797
1898
1882
1978
1912
1930
1934
1991
1983
1977
2011
1887
1932
1874
1776
1842
1739
1696
1587
1515
1472
1451
1451
1306
1318
1252
1181
1109
1027
966
926
940
897
743
761
727
732
674
687
615
629
644
594
606
610
638
615
672
695
696
768
787
796
858
896
914
975
980
980
1112
1147
1179
1186
1197
1253
1293
1339
1367
1381
1366
1421
1381
1454
1390
1493
1512
1509
1443
1438
1442
1489
1357
1404
1282
1336
1296
1274
1255
1143
1179
1085
1093
1054
1003
949
865
812
728
788
660
632
585
575
493
502
426
408
379
341
327
345
319
257
226
220
210
233
208
178
181
163
141
171
150
147
139
127
114
138
127
140
110
110
124
126
99
106
108
68
88
89
96
93
80
75
96
103
88
92
89
80
63
84
88
84
82
77
64
70
71
76
65
53
56
52
63
59
70
63
75
66
69
77
40
59
47
56
56
51
50
48
63
60
55
40
42
44
45
59
45
44
42
55
62
41
47
45
41
53
46
51
35
54
52
48
31
38
34
39
41
39
51
49
39
46
45
39
39
31
38
31
38
38
43
40
40
32
33
34
35
30
31
29
32
33
32
42
38
31
28
25
33
32
29
33
37
41
36
30
48
28
29
30
25
33
29
17
31
33
26
36
28
32
46
39
30
24
26
40
29
27
29
27
25
19
26
26
37
30
27
41
35
32
34
31
40
37
35
38
37
48
44
42
50
46
56
59
51
45
57
46
74
61
68
64
69
56
74
75
72
76
79
77
71
90
82
99
102
105
91
121
131
113
147
182
246
218
235
213
208
157
132
66
68
31
33
17
6
5
2
2
0
0
1
0
1
0
0
0
0
0
0
0
0
0
0
0
0
0
0
0
0
0
0
0
0
0
0
0
0
0
0
0
0
0
0
0
0
0
0
0
0
0
0
0
0
0
0
0
0
0
0
0
0
0
0
0
0
0
0
0
0
0
0
0
0
0
0
0
0
0
0
0
0
0
0
0
0
0
0
0
0
0
0
0
0
0
0
0
0
0
0
0
0
0
0
0
0
0
0
0
0
0
0
0
0
0
0
0
0
0
0
0
0
0
0
0
0
0
0
0
0
0
0
0
0
0
0
0
0
0
0
0
0
0
0
0
0
0
0
0
0
0
0
0
0
0
0
0
0
0
0
0
0
0
0
0
0
0
0
0
0
0
0
0
0
0
0
0
0
0
0
0
0
