SpectrumID=SampleSpec
Time=16-03-2023 03:24:22 PM
DeadTime(%)=1.48
LiveTime=200
RealTime=203
Channels=0 1023
0
0
0
0
0
0
0
0
0
0
0
0
0
0
0
0
0
0
0
0
0
0
0
0
0
0
0
0
0
0
0
0
0
0
0
0
0
0
0
0
6
51
171
549
1374
2588
1876
1724
1760
1837
1924
2041
2043
1975
1995
2123
2022
2086
2098
2101
2086
2127
2077
2042
2138
2093
2099
2174
2115
2240
2185
2151
2210
2120
2144
2178
2137
2170
2195
2156
2092
2182
2154
2124
2203
2182
2110
2129
2256
2182
2203
2275
2346
2334
2410
2484
2450
2583
2583
2619
2523
2567
2524
2556
2462
2406
2270
2302
2369
2191
2143
2100
1988
1919
1918
1867
1864
1788
1706
1696
1718
1620
1581
1553
1626
1565
1498
1472
1513
1396
1376
1374
1395
1314
1341
1291
1318
1285
1386
1310
1329
1278
1253
1242
1209
1261
1158
1210
1230
1212
1186
1132
1221
1190
1228
1137
1143
1128
1152
1142
1126
1214
1152
1088
1048
1110
1088
1105
1046
1131
1107
1135
1032
1021
984
1072
1039
1038
1060
1038
1021
1047
1059
1049
968
1059
1020
1070
984
982
1000
1028
1041
977
1004
1072
1022
921
992
957
982
1002
979
1000
930
932
949
876
952
904
854
858
839
819
811
797
739
706
741
696
608
599
591
578
528
534
494
496
398
465
421
429
379
391
339
361
313
288
299
313
308
289
294
298
270
256
262
269
261
269
231
255
210
248
234
217
241
206
206
243
222
224
224
214
240
241
248
248
273
290
320
336
350
369
414
444
546
588
604
678
786
916
1017
1193
1347
1398
1635
1764
1994
2102
2318
2491
2811
2928
3119
3323
3384
3631
3771
4001
3761
4020
3919
4032
4033
3765
3846
3891
3497
3390
3289
3170
2848
2586
2447
2254
2035
1831
1587
1415
1269
1102
943
814
687
592
475
400
316
259
228
162
160
114
95
91
73
60
38
55
44
38
43
31
44
26
30
23
32
33
30
36
24
46
24
37
31
23
24
30
28
22
27
33
21
25
39
27
29
31
24
25
28
34
24
20
28
24
17
35
23
18
20
35
24
34
16
19
21
22
27
19
27
27
28
22
23
18
21
22
37
27
20
28
26
30
25
18
29
23
23
14
20
16
18
17
21
14
18
20
17
17
14
23
20
17
17
17
22
16
13
14
21
20
20
24
14
21
19
14
12
20
12
14
14
20
19
23
15
9
18
20
9
17
16
17
14
18
18
15
15
13
14
8
10
10
14
12
17
9
19
12
10
18
11
11
16
16
15
12
10
8
12
12
14
10
11
10
9
7
13
14
18
10
13
10
16
14
17
9
16
12
9
7
12
12
14
8
13
6
15
9
13
13
13
3
10
5
7
19
6
8
9
14
8
7
9
10
11
13
15
13
16
5
13
4
10
10
6
8
5
10
4
11
6
8
8
9
7
10
11
4
6
11
9
10
16
10
12
8
12
11
16
9
5
7
6
8
8
3
8
13
5
7
13
5
3
4
5
7
8
6
10
6
5
4
7
8
4
7
9
5
5
13
9
6
7
8
6
9
8
6
8
9
6
4
4
11
4
7
9
8
11
5
7
9
11
7
4
5
11
14
7
7
10
6
12
9
7
6
9
14
12
7
7
10
14
10
13
15
14
11
10
11
9
16
10
7
11
13
9
11
9
15
6
11
7
7
10
10
5
6
4
3
3
8
7
7
4
8
5
7
6
2
4
2
3
4
1
1
2
2
1
4
1
2
3
0
5
3
1
3
2
2
2
4
2
1
4
4
0
2
2
2
2
1
1
2
2
1
3
6
3
2
2
4
1
2
2
1
1
3
2
2
2
4
1
4
3
0
3
0
1
4
3
2
3
1
2
2
5
1
0
0
2
0
2
1
1
3
1
3
0
1
1
1
3
1
1
2
1
0
1
1
5
1
3
2
5
2
2
0
0
1
2
0
0
1
0
1
4
2
2
1
3
2
2
4
2
1
3
1
5
1
2
2
2
3
5
1
1
5
2
1
5
2
5
5
2
3
2
2
2
2
6
7
7
1
5
3
6
3
4
5
3
3
6
11
11
7
9
10
14
18
25
53
59
53
31
28
15
12
4
4
1
0
1
1
0
0
0
0
0
0
0
0
0
0
0
0
0
0
0
0
0
0
0
0
0
0
0
0
0
0
0
0
0
0
0
0
0
0
0
0
0
0
0
0
0
0
0
0
0
0
0
0
0
0
0
0
0
0
0
0
0
0
0
0
0
0
0
0
0
0
0
0
0
0
0
0
0
0
0
0
0
0
0
0
0
0
0
0
0
0
0
0
0
0
0
0
0
0
0
0
0
0
0
0
0
0
0
0
0
0
0
0
0
0
0
0
0
0
0
0
0
0
0
0
0
0
0
0
0
0
0
0
0
0
0
0
0
0
0
0
0
0
0
0
0
0
0
0
0
0
0
0
0
0
0
0
0
0
0
0
0
0
0
0
0
0
0
0
0
0
0
0
0
0
0
0
0
0
0
0
