SpectrumID=SampleSpec
Time=16-03-2023 04:47:09 PM
DeadTime(%)=2.15
LiveTime=1000
RealTime=1022
Channels=0 1023
0
0
0
0
0
0
0
0
0
0
0
0
0
0
0
0
0
0
0
0
0
0
0
0
0
0
0
0
0
0
0
0
0
0
0
0
0
0
1
12
64
312
1110
3484
8277
15165
11280
10246
10473
10866
11387
11618
11661
11931
11755
11877
11771
12268
12191
12177
12331
12421
12510
12599
12445
12745
12901
12734
12843
13116
12944
12857
12850
12897
13199
13094
13044
13147
13100
13186
13146
13236
13428
13644
13704
13922
14354
14659
14504
15104
14941
15143
15230
15298
15099
14906
14796
14537
14250
14017
13685
13371
13196
12893
12592
12441
12475
11920
11995
11732
11376
11458
11031
11022
10891
10641
10534
10445
10146
10314
9995
9992
9792
9731
9472
9473
9194
9241
9066
9074
8910
9029
8802
8717
8692
8612
8480
8644
8383
8441
8357
8300
8127
8226
8001
8049
7888
7673
7657
7384
7305
7212
7090
6887
6784
6839
6421
6171
6011
5793
5658
5556
5337
5098
5072
4759
4651
4616
4314
4347
4374
4033
3988
3837
3917
3854
3779
3607
3597
3539
3457
3414
3323
3397
3313
3250
3121
3163
3064
3083
3042
2963
2995
2942
2970
2937
2856
2959
2863
2889
2957
2934
2965
3082
3163
3225
3485
3520
3900
4141
4522
4785
5261
5889
6572
7083
7992
8880
9838
11183
12245
13662
14752
16004
17680
19200
20556
21566
22999
24426
24854
25900
26516
27210
26652
27163
26349
25867
24732
23722
22450
21042
19359
18128
16229
14601
13099
11629
10159
8961
7682
6598
5631
4729
4097
3594
2981
2624
2328
2053
1805
1722
1574
1458
1420
1323
1328
1275
1327
1263
1235
1211
1225
1221
1228
1216
1234
1169
1252
1172
1229
1199
1236
1207
1224
1220
1186
1160
1235
1212
1220
1216
1260
1203
1241
1240
1246
1217
1232
1234
1204
1186
1148
1203
1182
1182
1199
1241
1184
1196
1169
1151
1187
1133
1138
1159
1101
1109
1142
1130
1110
1113
1125
1108
1097
1098
1155
1063
1111
1058
1056
1015
1078
1085
1074
1013
1110
1021
1064
1090
1106
1031
1110
1014
1084
1031
1058
1065
1104
1097
1015
1068
1053
1049
1068
1029
1032
1083
1101
1126
1033
994
1108
1119
1099
1062
1058
1079
1078
1097
1069
1107
987
1036
1146
1053
1058
1053
1067
1116
1097
1052
1083
1030
1016
1123
1054
1083
1057
1078
1096
998
1073
1036
1061
1144
1096
1114
1074
1122
1119
1107
1122
1171
1113
1094
1137
1127
1088
1127
1158
1170
1086
1072
1111
1145
1127
1161
1103
1126
1144
1088
1066
1100
1089
1146
1196
1154
1134
1183
1154
1142
1116
1087
1180
1147
1172
1144
1190
1170
1171
1167
1124
1122
1108
1129
1111
1102
1122
1142
1140
1045
1095
1054
1066
1080
1028
973
1013
1005
931
970
944
860
939
875
804
814
827
819
760
758
761
712
656
702
653
647
640
592
571
567
494
493
501
465
478
449
439
461
425
391
354
373
352
347
364
347
304
327
295
348
316
308
306
296
319
312
323
336
312
333
356
340
356
361
345
413
427
462
467
496
488
557
539
622
619
688
741
816
816
917
937
1046
1055
1227
1251
1298
1427
1530
1701
1655
1775
1933
1992
1995
2218
2297
2303
2518
2588
2625
2673
2665
2784
2809
2966
2889
3040
2969
3026
2978
2946
3061
2959
2925
2903
2910
2699
2734
2621
2644
2460
2368
2415
2278
2122
2057
1898
1704
1668
1593
1384
1400
1253
1129
1119
1026
961
861
761
647
646
607
527
460
434
418
342
337
295
247
228
244
195
175
184
183
171
164
144
136
120
145
129
148
150
145
133
140
156
130
147
134
135
132
141
123
166
120
153
123
131
135
137
131
151
140
125
140
135
127
149
138
145
126
121
126
138
121
130
124
112
117
122
107
92
111
116
100
113
106
86
88
86
94
98
111
103
107
83
83
81
102
72
89
89
105
86
77
85
76
77
68
79
96
67
82
78
67
66
65
70
68
83
55
54
57
64
57
58
62
46
49
51
68
53
47
44
59
48
62
54
39
46
52
49
41
48
48
35
41
30
36
37
29
25
29
37
38
41
40
47
28
33
37
48
36
39
42
39
41
36
30
40
37
41
29
36
29
30
30
36
36
39
44
56
33
46
38
37
52
44
44
50
66
53
56
49
61
62
74
55
45
58
64
81
77
77
80
62
75
80
98
73
83
81
73
78
88
86
79
111
90
82
91
87
90
96
84
64
73
71
73
59
71
64
45
50
53
48
32
50
41
36
43
34
35
37
34
36
42
28
44
51
33
61
60
63
83
100
155
240
261
222
191
150
93
64
46
22
13
10
8
4
1
0
0
0
0
0
0
0
0
0
0
0
0
0
0
0
0
0
0
0
0
0
0
0
0
0
0
0
0
0
0
0
0
0
0
0
0
0
0
0
0
0
0
0
0
0
0
0
0
0
0
0
0
0
0
0
0
0
0
0
0
0
0
0
0
0
0
0
0
0
0
0
0
0
0
0
0
0
0
0
0
0
0
0
0
0
0
0
0
0
0
0
0
0
0
0
0
0
0
0
0
0
0
0
0
0
0
0
0
0
0
0
0
0
0
0
0
0
0
0
0
0
0
0
0
0
0
0
0
0
0
0
0
0
0
0
0
0
0
0
0
0
0
0
0
0
0
0
0
0
0
0
0
0
0
0
0
0
0
0
0
0
0
0
0
0
0
0
0
0
0
0
0
0
0
0
0
0
0
