SpectrumID=SampleSpec
Time=16-03-2023 05:21:02 PM
DeadTime(%)=0.99
LiveTime=200
RealTime=202
Channels=0 1023
0
0
0
0
0
0
0
0
0
0
0
0
0
0
0
0
0
0
0
0
0
0
0
0
0
0
0
0
0
0
0
0
0
0
0
0
0
0
0
1
1
23
86
318
801
1678
1284
1134
1218
1259
1370
1323
1352
1452
1387
1427
1430
1450
1386
1462
1428
1472
1503
1450
1508
1503
1482
1460
1383
1485
1486
1400
1434
1388
1471
1375
1482
1402
1384
1361
1367
1367
1375
1314
1331
1301
1287
1320
1338
1306
1236
1294
1365
1400
1388
1392
1376
1364
1365
1452
1486
1409
1322
1368
1428
1335
1301
1259
1257
1221
1249
1254
1170
1092
1133
1164
1055
1011
1033
1003
932
965
926
933
907
871
839
818
811
805
798
724
728
772
734
660
709
664
732
669
654
671
665
667
611
596
618
589
614
609
626
592
572
561
521
559
554
545
546
562
545
531
556
544
534
507
510
508
545
538
503
510
481
516
472
510
489
464
497
490
494
505
444
472
455
458
486
499
472
450
463
455
446
403
457
461
452
484
470
414
448
468
429
419
445
402
385
429
412
408
399
392
348
339
351
307
319
301
273
323
288
284
284
284
241
222
221
230
223
195
199
209
188
214
194
208
183
159
168
168
156
149
155
153
163
148
146
125
127
153
131
139
119
126
97
132
136
114
117
126
110
125
111
140
130
134
138
159
145
172
190
190
216
235
297
275
311
327
380
446
473
546
605
672
725
817
893
994
1038
1133
1235
1295
1469
1426
1600
1492
1689
1753
1755
1736
1694
1699
1693
1648
1507
1509
1442
1427
1348
1188
1103
1015
941
814
721
690
572
497
432
353
316
273
221
206
143
135
114
91
80
52
38
39
46
31
24
26
24
28
22
26
27
23
19
25
15
20
20
28
21
13
29
16
15
32
13
20
17
16
16
14
23
20
23
21
7
20
17
11
16
14
22
17
15
13
18
25
22
15
21
22
15
15
19
17
19
20
15
18
20
18
17
21
16
18
27
25
18
17
13
22
13
24
20
15
18
18
15
10
14
17
15
11
28
15
14
19
20
26
15
19
19
21
19
16
16
11
12
17
15
21
6
14
14
10
8
11
10
15
15
7
9
9
7
4
10
12
11
4
11
15
12
9
17
8
7
10
10
8
8
5
11
5
14
11
10
9
6
16
9
7
7
13
11
17
9
11
14
19
10
8
6
5
10
4
9
11
11
16
15
14
12
14
12
6
7
7
13
7
7
18
8
9
9
12
8
9
5
7
8
11
9
5
5
4
11
13
8
7
12
8
14
14
12
8
6
6
9
7
7
4
5
5
5
5
7
3
9
13
13
4
10
8
8
7
7
7
4
8
7
5
6
9
7
9
16
9
4
7
2
9
8
5
3
6
5
2
6
5
5
9
7
8
10
6
9
3
9
5
3
4
7
6
3
6
7
7
6
6
6
4
4
3
4
4
5
3
6
5
3
10
4
2
7
4
3
6
12
3
10
7
7
8
8
5
7
12
7
6
8
8
6
12
12
7
11
6
8
9
11
6
7
8
10
9
17
13
18
6
5
6
10
10
9
9
11
10
10
9
9
8
12
7
11
15
8
11
7
8
10
10
5
4
4
5
10
5
6
3
3
2
5
6
5
2
3
1
1
3
3
6
2
3
1
4
1
3
0
4
5
2
4
3
1
3
7
1
3
0
3
0
1
5
0
1
1
5
0
3
2
2
2
1
1
1
1
4
2
3
1
1
0
0
1
2
1
3
1
3
2
3
0
1
1
1
3
2
1
2
2
1
1
6
2
1
0
2
1
1
1
3
1
2
2
2
3
3
1
1
2
4
1
0
0
1
0
2
2
1
3
0
2
2
2
3
3
3
1
2
3
0
4
0
2
3
0
2
3
2
1
1
1
4
2
3
0
0
1
2
4
2
1
5
6
5
3
4
5
1
5
4
6
1
1
1
5
3
4
7
6
7
5
11
7
4
6
17
12
12
12
31
81
105
60
29
14
10
5
2
0
0
0
0
0
0
0
0
0
0
0
0
0
0
0
0
0
0
0
0
0
0
0
0
0
0
0
0
0
0
0
0
0
0
0
0
0
0
0
0
0
0
0
0
0
0
0
0
0
0
0
0
0
0
0
0
0
0
0
0
0
0
0
0
0
0
0
0
0
0
0
0
0
0
0
0
0
0
0
0
0
0
0
0
0
0
0
0
0
0
0
0
0
0
0
0
0
0
0
0
0
0
0
0
0
0
0
0
0
0
0
0
0
0
0
0
0
0
0
0
0
0
0
0
0
0
0
0
0
0
0
0
0
0
0
0
0
0
0
0
0
0
0
0
0
0
0
0
0
0
0
0
0
0
0
0
0
0
0
0
0
0
0
0
0
0
0
0
0
0
0
0
0
0
0
0
0
0
0
0
0
0
0
0
0
0
