SpectrumID=SampleSpec
Time=16-03-2023 06:09:36 PM
DeadTime(%)=0.99
LiveTime=200
RealTime=202
Channels=0 1023
0
0
0
0
0
0
0
0
0
0
0
0
0
0
0
0
0
0
0
0
0
0
0
0
0
0
0
0
0
0
0
0
0
0
0
0
0
0
0
0
2
21
67
261
720
1531
1164
1117
1253
1270
1363
1407
1387
1398
1399
1384
1467
1498
1505
1454
1427
1475
1513
1427
1485
1446
1455
1500
1477
1479
1414
1388
1425
1451
1316
1298
1305
1293
1316
1288
1214
1216
1175
1159
1181
1175
1163
1149
1118
1124
1128
1060
1149
1041
1118
1076
1065
1030
1089
1058
1037
997
1025
1028
957
914
911
876
881
838
876
818
845
836
746
771
750
727
743
673
670
618
705
645
608
653
607
610
588
572
577
517
543
531
515
482
535
477
488
460
446
466
471
477
456
444
444
439
460
446
423
388
421
419
423
381
365
436
375
361
377
404
396
384
376
399
371
370
346
378
353
374
342
345
349
368
340
332
343
298
318
340
319
311
313
331
277
324
315
298
305
327
289
305
293
310
323
290
321
291
281
297
279
290
291
299
249
256
270
283
255
257
233
230
225
235
274
238
227
217
238
232
204
222
236
216
194
175
196
196
204
192
192
172
179
181
168
164
155
166
155
172
190
150
165
134
149
159
149
165
158
166
165
167
187
166
151
149
156
175
181
153
181
165
147
183
177
149
178
145
178
197
163
181
152
195
207
189
236
231
242
270
311
289
313
338
349
389
395
411
506
496
436
527
531
532
529
580
591
611
508
539
522
528
501
436
442
414
375
342
330
305
276
239
214
191
150
144
126
117
95
90
70
66
54
47
44
26
36
38
28
31
23
19
13
33
15
17
16
18
26
17
13
17
27
7
23
12
19
17
7
14
18
18
17
17
17
23
21
11
14
20
16
22
14
22
12
15
21
10
16
22
12
12
9
14
11
9
13
14
14
14
10
18
14
18
15
11
11
9
16
19
17
17
16
12
13
17
14
16
19
11
14
11
12
11
11
19
17
12
17
22
16
21
15
13
26
15
10
15
14
13
14
14
21
17
17
11
11
14
16
6
4
8
4
12
15
4
8
11
15
8
6
16
14
11
11
11
8
6
9
6
11
9
8
5
8
11
5
14
4
11
13
15
9
7
10
6
12
6
3
8
10
9
11
13
8
9
18
7
10
9
10
6
10
12
6
14
10
10
12
8
7
11
9
15
9
10
8
5
13
11
14
8
5
9
15
6
10
11
7
10
7
9
10
10
5
6
8
11
16
9
4
7
7
9
5
9
5
6
7
12
6
9
9
2
8
6
4
1
7
10
6
5
6
9
5
6
9
5
2
5
8
10
7
5
9
11
3
5
5
6
5
7
4
9
4
3
7
7
3
10
7
5
7
4
7
7
4
3
3
6
3
7
5
6
6
3
3
4
6
3
2
11
6
4
6
7
7
7
6
6
6
5
5
13
9
4
12
10
8
4
9
9
7
19
7
11
9
6
13
12
10
15
7
7
13
7
19
11
6
10
9
11
9
5
11
12
10
10
12
9
9
7
11
13
9
6
7
10
8
8
5
6
8
8
10
5
4
8
3
13
7
5
2
9
4
4
7
7
3
3
4
5
4
3
5
1
2
3
2
2
4
2
2
4
4
3
8
1
2
1
1
2
2
2
3
2
3
3
1
2
3
5
1
1
1
1
3
1
2
7
3
1
1
4
2
0
3
6
2
3
1
0
2
2
6
5
0
1
2
3
1
1
2
2
2
3
1
1
1
0
4
2
4
1
3
2
3
1
4
3
1
6
5
0
1
3
3
1
2
1
1
2
4
0
2
1
3
5
2
1
2
2
3
5
1
2
3
4
1
0
2
1
2
2
4
2
0
2
2
3
2
1
2
3
2
0
0
2
1
1
3
1
3
7
1
1
5
4
9
6
0
6
4
3
10
5
3
5
6
8
4
6
11
7
15
14
30
102
110
52
18
13
2
4
2
1
0
0
0
0
0
0
0
0
0
0
0
0
0
0
0
0
0
0
0
0
0
0
0
0
0
0
0
0
0
0
0
0
0
0
0
0
0
0
0
0
0
0
0
0
0
0
0
0
0
0
0
0
0
0
0
0
0
0
0
0
0
0
0
0
0
0
0
0
0
0
0
0
0
0
0
0
0
0
0
0
0
0
0
0
0
0
0
0
0
0
0
0
0
0
0
0
0
0
0
0
0
0
0
0
0
0
0
0
0
0
0
0
0
0
0
0
0
0
0
0
0
0
0
0
0
0
0
0
0
0
0
0
0
0
0
0
0
0
0
0
0
0
0
0
0
0
0
0
0
0
0
0
0
0
0
0
0
0
0
0
0
0
0
0
0
0
0
0
0
0
0
0
0
0
0
0
0
0
0
0
0
0
0
0
0
0
