SpectrumID=SampleSpec
Time=16-03-2023 06:14:10 PM
DeadTime(%)=0.5
LiveTime=200
RealTime=201
Channels=0 1023
0
0
0
0
0
0
0
0
0
0
0
0
0
0
0
0
0
0
0
0
0
0
0
0
0
0
0
0
0
0
0
0
0
0
0
0
0
0
0
0
2
20
82
281
712
1562
1346
1136
1152
1259
1352
1365
1418
1417
1495
1442
1508
1456
1515
1468
1446
1491
1461
1541
1439
1478
1450
1482
1462
1479
1389
1425
1385
1401
1335
1332
1323
1327
1213
1260
1173
1187
1165
1129
1175
1155
1111
1154
1120
1086
1090
1117
1116
1095
1090
1003
1040
996
999
970
988
990
1009
975
956
902
910
895
840
849
839
830
787
775
724
759
719
765
675
680
718
650
616
644
593
617
596
549
539
584
515
550
514
520
518
482
476
502
483
467
462
453
473
471
432
411
474
439
401
424
409
409
421
429
433
436
393
389
390
370
386
400
393
343
360
386
355
379
351
356
338
351
336
345
365
330
306
332
312
332
344
321
332
325
313
339
297
299
311
289
281
308
320
301
336
286
319
339
278
294
287
298
261
325
265
274
286
255
262
273
248
257
234
253
238
235
243
247
255
202
237
244
181
221
190
195
180
183
196
187
183
165
216
177
187
177
182
183
179
162
167
180
170
151
167
144
172
170
150
166
172
149
175
139
168
162
182
170
157
150
139
173
160
164
145
145
167
164
155
154
162
143
151
180
218
205
181
207
251
213
243
264
263
308
273
293
306
321
357
385
414
426
400
472
473
528
513
469
516
469
491
438
458
475
409
410
432
386
359
336
302
260
232
199
211
158
153
147
109
119
93
78
88
60
59
38
34
34
32
37
30
21
21
21
30
16
16
21
20
14
18
14
24
14
14
15
15
16
19
12
18
8
14
17
23
13
14
18
11
16
17
15
16
15
19
15
13
23
20
15
15
15
17
11
20
12
19
12
16
18
16
18
18
14
15
11
16
17
11
13
13
20
20
16
17
17
16
15
17
15
20
15
11
12
22
13
14
13
10
10
16
17
18
11
10
11
10
13
12
10
17
12
15
6
18
12
16
13
16
12
8
17
12
15
19
13
10
11
11
11
12
7
10
11
12
10
14
4
11
6
13
8
2
14
9
8
5
14
9
8
14
4
9
8
10
5
13
5
4
12
9
13
5
12
12
5
12
7
10
3
11
4
11
11
9
11
9
12
9
7
14
8
13
7
3
6
8
8
9
5
3
6
5
7
10
9
12
13
13
6
8
13
7
5
6
5
7
2
9
9
5
3
7
8
4
10
6
5
11
12
7
9
2
6
7
6
7
10
9
7
12
5
11
7
11
10
6
7
7
9
7
8
7
11
4
4
6
4
9
8
4
6
11
7
8
5
3
5
4
4
3
9
4
7
5
6
8
2
4
6
3
6
5
3
4
7
11
3
5
7
3
4
4
6
14
13
6
4
10
7
5
6
10
9
6
5
7
6
7
8
10
6
13
8
10
11
10
15
13
13
10
4
15
7
13
9
13
13
12
8
10
14
12
7
10
7
13
8
11
9
9
10
16
12
15
10
15
8
7
10
4
5
12
5
7
11
6
9
8
10
4
3
4
5
8
3
4
4
4
7
4
2
1
8
5
4
3
1
5
1
1
5
2
5
5
2
2
2
1
5
0
3
2
4
2
1
3
2
2
4
0
3
3
3
2
0
4
4
0
1
1
1
1
2
4
2
1
1
2
1
5
2
1
2
2
3
1
1
0
2
3
0
5
3
3
2
0
2
1
2
2
2
0
2
0
1
2
2
2
4
1
1
0
0
0
3
2
2
0
4
1
2
1
2
1
2
3
2
2
1
5
3
1
4
2
1
2
1
5
0
1
1
1
1
7
1
0
0
0
2
4
4
3
2
1
0
0
3
2
1
5
3
2
1
3
4
3
3
6
4
4
5
3
1
8
3
4
3
9
6
6
6
6
6
3
15
13
13
29
99
115
49
27
13
5
2
1
1
0
0
0
0
1
0
0
0
0
0
0
0
0
0
0
0
0
0
0
0
0
0
0
0
0
0
0
0
0
0
0
0
0
0
0
0
0
0
0
0
0
0
0
0
0
0
0
0
0
0
0
0
0
0
0
0
0
0
0
0
0
0
0
0
0
0
0
0
0
0
0
0
0
0
0
0
0
0
0
0
0
0
0
0
0
0
0
0
0
0
0
0
0
0
0
0
0
0
0
0
0
0
0
0
0
0
0
0
0
0
0
0
0
0
0
0
0
0
0
0
0
0
0
0
0
0
0
0
0
0
0
0
0
0
0
0
0
0
0
0
0
0
0
0
0
0
0
0
0
0
0
0
0
0
0
0
0
0
0
0
0
0
0
0
0
0
0
0
0
0
0
0
0
0
0
0
0
0
0
0
0
0
0
0
0
0
