SpectrumID=SampleSpec
Time=16-03-2023 05:28:26 PM
DeadTime(%)=0.5
LiveTime=200
RealTime=201
Channels=0 1023
0
0
0
0
0
0
0
0
0
0
0
0
0
0
0
0
0
0
0
0
0
0
0
0
0
0
0
0
0
0
0
0
0
0
0
0
0
0
0
0
4
15
83
281
793
1551
1218
1131
1184
1235
1275
1346
1387
1462
1392
1436
1421
1468
1466
1453
1442
1418
1449
1454
1391
1514
1488
1539
1363
1482
1420
1471
1420
1394
1401
1457
1438
1410
1399
1384
1330
1328
1312
1375
1291
1313
1364
1298
1293
1302
1289
1334
1340
1361
1371
1350
1326
1411
1280
1416
1342
1398
1318
1366
1315
1266
1221
1246
1226
1209
1152
1129
1103
1107
1051
1116
1081
991
1012
953
949
934
880
884
869
847
807
792
787
765
758
717
722
679
684
686
663
650
653
681
713
637
620
642
569
572
599
560
593
601
515
554
582
548
532
534
529
538
512
547
510
555
511
544
499
555
477
517
507
504
513
470
500
472
493
503
473
497
428
455
476
443
475
476
466
461
457
442
446
470
423
456
454
436
429
452
447
451
427
411
422
410
410
461
390
396
407
371
410
423
396
371
341
351
323
354
320
310
333
284
276
263
255
249
233
251
246
228
207
203
226
216
211
189
199
175
171
165
184
181
179
178
144
152
166
141
151
163
120
152
145
172
128
136
156
134
127
143
129
146
158
158
134
168
155
153
158
145
158
181
178
208
218
227
250
258
318
338
354
427
476
568
592
597
694
751
826
879
920
1046
1109
1239
1226
1345
1345
1457
1479
1509
1495
1423
1605
1541
1512
1421
1394
1270
1298
1196
1092
1027
937
893
820
710
591
544
529
416
391
305
262
227
220
176
156
99
86
71
61
44
50
47
35
31
22
28
18
26
20
21
20
14
21
19
14
18
22
13
19
22
24
18
20
27
20
28
24
20
18
16
20
23
15
17
15
21
27
14
9
17
20
8
15
17
24
17
16
12
17
18
12
17
14
7
17
15
11
8
19
8
17
18
13
15
17
20
24
18
18
28
17
16
13
13
11
16
13
11
14
17
21
12
12
18
7
10
18
13
20
15
16
14
12
19
13
21
21
18
15
13
14
23
12
23
19
13
10
10
12
12
10
8
14
17
12
9
9
12
16
11
13
14
15
5
15
16
10
14
10
4
10
8
10
13
8
10
10
9
11
11
15
9
6
2
10
7
9
10
10
10
10
12
6
7
10
11
9
7
10
6
8
11
13
12
6
9
12
3
10
13
13
3
9
9
11
9
7
9
7
6
12
11
7
7
8
5
6
8
5
6
7
2
12
9
9
9
9
12
2
10
5
5
8
3
10
8
9
6
7
11
2
3
5
8
6
11
6
5
7
2
5
4
7
6
5
5
5
3
4
3
3
7
9
7
5
4
5
5
2
4
7
5
5
4
7
5
8
4
5
9
9
9
3
6
4
3
4
3
3
10
3
3
3
6
3
6
5
7
1
3
3
4
10
7
5
5
5
6
7
3
12
9
9
8
6
9
10
10
8
5
10
12
8
11
13
10
12
13
9
10
10
14
13
17
8
7
6
3
14
8
13
14
6
11
6
11
9
5
12
7
5
13
5
5
9
5
6
5
2
4
3
1
6
3
7
3
3
7
3
3
4
5
3
4
4
3
3
1
3
0
0
2
4
2
4
2
1
1
3
3
1
2
5
4
2
1
2
3
1
4
1
2
1
2
2
5
2
1
5
0
1
2
2
4
0
5
1
2
2
2
2
1
1
1
5
6
4
1
0
1
5
3
2
3
1
0
2
5
1
4
2
2
3
2
0
1
2
1
1
0
2
1
2
2
2
2
3
0
1
3
2
0
3
3
1
2
1
2
2
2
0
1
3
1
1
1
3
0
0
0
1
0
1
1
2
2
3
2
4
4
3
1
2
0
1
1
2
1
1
2
2
6
4
5
4
5
3
6
4
2
2
2
5
2
3
3
4
7
5
4
9
2
4
7
8
15
8
13
18
38
94
93
57
24
12
8
2
0
1
0
0
0
0
0
0
0
0
0
0
0
0
0
0
0
0
0
0
0
0
0
0
0
0
0
0
0
0
0
0
0
0
0
0
0
0
0
0
0
0
0
0
0
0
0
0
0
0
0
0
0
0
0
0
0
0
0
0
0
0
0
0
0
0
0
0
0
0
0
0
0
0
0
0
0
0
0
0
0
0
0
0
0
0
0
0
0
0
0
0
0
0
0
0
0
0
0
0
0
0
0
0
0
0
0
0
0
0
0
0
0
0
0
0
0
0
0
0
0
0
0
0
0
0
0
0
0
0
0
0
0
0
0
0
0
0
0
0
0
0
0
0
0
0
0
0
0
0
0
0
0
0
0
0
0
0
0
0
0
0
0
0
0
0
0
0
0
0
0
0
0
0
0
0
0
0
0
0
0
0
0
0
0
0
0
