SpectrumID=SampleSpec
Time=16-03-2023 05:33:07 PM
DeadTime(%)=0.99
LiveTime=200
RealTime=202
Channels=0 1023
0
0
0
0
0
0
0
0
0
0
0
0
0
0
0
0
0
0
0
0
0
0
0
0
0
0
0
0
0
0
0
0
0
0
0
0
0
0
0
0
4
14
60
270
790
1652
1273
1104
1202
1251
1268
1373
1334
1414
1425
1333
1417
1443
1420
1411
1396
1443
1439
1434
1473
1412
1481
1503
1454
1437
1515
1432
1483
1435
1417
1423
1371
1333
1318
1397
1309
1336
1355
1313
1286
1330
1300
1337
1271
1253
1251
1276
1322
1313
1383
1312
1334
1321
1383
1297
1321
1273
1322
1308
1267
1271
1128
1198
1180
1190
1101
1091
1101
1032
1030
977
1000
994
981
897
930
897
884
839
859
822
814
757
768
728
808
707
680
689
680
668
648
613
621
627
588
638
622
611
625
577
560
585
601
593
569
566
538
530
563
531
515
517
538
500
489
512
531
470
498
485
460
450
479
448
466
497
472
484
460
478
463
455
438
482
486
438
424
414
461
450
430
435
450
452
440
428
426
436
456
462
437
416
426
408
424
385
380
406
411
408
394
418
377
376
385
341
349
323
351
331
309
303
324
284
270
272
253
239
237
239
236
236
216
221
221
214
192
199
180
209
182
175
187
197
172
172
163
185
156
161
179
182
177
154
160
177
156
156
163
173
137
174
138
150
169
147
159
175
179
159
170
176
188
199
212
193
199
233
256
291
321
322
389
378
423
471
528
580
631
730
732
795
891
923
995
1062
1104
1221
1271
1284
1311
1325
1347
1337
1405
1295
1331
1261
1278
1203
1115
1018
1000
925
850
762
714
627
563
514
439
419
359
287
236
219
189
148
120
102
79
79
43
55
44
38
26
39
32
20
24
18
25
18
24
19
13
19
23
18
16
19
19
17
20
18
15
19
16
23
16
13
28
22
15
12
23
20
17
18
18
14
15
16
12
12
18
11
15
13
17
16
17
14
19
18
14
10
13
14
18
20
10
19
13
7
11
10
26
17
11
18
17
14
16
20
24
15
21
13
12
20
21
17
19
12
12
13
18
17
15
13
17
21
11
13
19
16
11
20
9
11
12
15
19
13
16
15
10
13
14
10
13
15
16
14
6
13
15
11
12
8
10
4
10
10
11
10
14
10
12
17
12
8
12
10
12
11
8
10
10
8
9
12
6
8
16
12
12
8
13
6
8
9
7
11
11
8
9
10
6
6
10
10
8
9
11
13
17
6
12
14
8
12
12
14
6
4
14
8
7
5
11
11
8
8
9
6
8
10
8
11
13
8
14
12
7
10
9
7
6
7
12
12
12
8
11
7
9
7
4
2
7
8
10
8
3
6
10
10
6
6
10
7
5
6
3
5
3
7
11
7
5
4
6
4
3
6
8
6
5
9
5
5
5
5
5
4
5
5
5
8
8
7
9
7
4
6
3
3
9
7
2
4
8
4
2
5
2
2
6
5
6
9
4
3
4
7
6
4
9
5
5
5
13
4
16
8
10
9
11
7
10
14
7
10
6
8
9
11
14
4
8
6
12
5
13
19
11
9
13
15
8
14
3
8
7
9
11
11
10
4
11
7
12
11
11
12
6
6
6
7
9
3
3
8
0
5
4
6
5
2
4
6
3
2
4
3
4
2
4
4
2
1
3
3
0
5
1
2
1
5
3
4
3
6
2
6
4
2
2
1
3
1
0
3
0
1
2
4
2
1
5
1
4
4
2
3
5
1
3
2
4
2
5
1
3
1
2
1
3
1
2
0
0
0
1
2
3
0
1
6
2
2
1
1
1
3
1
0
2
2
2
0
3
3
3
3
0
0
4
0
0
4
3
3
3
1
3
1
1
1
0
0
6
1
2
3
2
1
2
2
1
2
0
7
4
2
0
0
1
3
1
1
3
3
4
3
2
0
3
1
2
3
2
4
2
0
3
5
4
5
1
7
4
4
5
7
6
4
7
6
2
6
7
7
10
6
13
7
8
11
19
36
93
91
50
20
12
5
4
2
1
0
0
0
0
0
0
0
0
0
0
0
0
0
0
0
0
0
0
0
0
0
0
0
0
0
0
0
0
0
0
0
0
0
0
0
0
0
0
0
0
0
0
0
0
0
0
0
0
0
0
0
0
0
0
0
0
0
0
0
0
0
0
0
0
0
0
0
0
0
0
0
0
0
0
0
0
0
0
0
0
0
0
0
0
0
0
0
0
0
0
0
0
0
0
0
0
0
0
0
0
0
0
0
0
0
0
0
0
0
0
0
0
0
0
0
0
0
0
0
0
0
0
0
0
0
0
0
0
0
0
0
0
0
0
0
0
0
0
0
0
0
0
0
0
0
0
0
0
0
0
0
0
0
0
0
0
0
0
0
0
0
0
0
0
0
0
0
0
0
0
0
0
0
0
0
0
0
0
0
0
0
0
0
0
0
