SpectrumID=SampleSpec
Time=16-03-2023 05:38:02 PM
DeadTime(%)=0.99
LiveTime=200
RealTime=202
Channels=0 1023
0
0
0
0
0
0
0
0
0
0
0
0
0
0
0
0
0
0
0
0
0
0
0
0
0
0
0
0
0
0
0
0
0
0
0
0
0
0
0
0
4
19
77
273
733
1565
1233
1105
1230
1165
1304
1357
1416
1444
1406
1350
1424
1536
1545
1430
1515
1439
1477
1487
1571
1542
1501
1544
1492
1478
1458
1480
1504
1439
1455
1465
1382
1404
1372
1330
1370
1351
1307
1372
1314
1358
1255
1244
1188
1303
1257
1273
1275
1318
1291
1349
1308
1334
1275
1265
1265
1226
1239
1248
1243
1236
1171
1068
1092
1118
1123
1062
1016
1039
981
933
957
954
925
915
859
851
901
785
790
776
707
736
698
692
669
707
683
674
649
635
659
620
611
642
634
616
588
537
608
536
539
579
547
533
553
535
525
538
546
533
516
510
479
534
528
527
479
548
424
499
489
509
511
451
428
461
457
451
474
455
440
446
419
406
455
443
450
406
400
433
424
391
421
423
389
448
404
398
394
421
443
389
404
407
372
391
392
364
385
353
375
386
368
379
313
345
368
333
340
304
284
291
307
248
276
254
256
279
244
258
253
226
248
218
221
224
227
192
214
190
180
202
189
193
184
189
171
156
205
172
164
176
162
166
176
173
170
163
151
175
165
165
151
167
147
163
154
216
170
161
158
192
200
193
214
234
243
230
278
281
309
316
351
385
404
447
484
545
586
652
678
744
843
869
971
994
1069
1058
1157
1101
1133
1183
1181
1186
1194
1183
1180
1162
1124
976
1004
972
836
843
805
687
672
558
498
445
379
360
288
260
206
182
162
119
111
93
75
62
50
41
40
34
31
34
26
25
24
26
21
29
23
18
19
21
10
20
14
18
23
21
21
15
14
17
26
14
15
22
21
23
13
22
13
19
15
18
24
22
11
20
20
17
19
20
10
18
15
17
10
16
18
20
11
14
19
11
12
16
22
16
18
10
21
19
12
14
17
14
18
16
19
15
14
18
27
17
11
15
13
23
13
18
18
14
16
13
17
10
12
11
16
17
18
24
17
16
8
15
24
25
9
17
15
10
14
16
13
16
7
6
10
10
14
20
18
9
14
11
6
12
10
12
16
7
10
6
9
13
10
8
8
14
6
15
9
10
10
11
7
19
11
15
4
7
6
8
8
11
6
9
11
12
13
6
10
8
8
9
11
6
14
12
7
7
14
5
9
15
11
5
15
11
14
12
15
5
12
8
8
11
11
7
11
9
7
7
5
11
9
12
18
9
10
10
12
7
7
10
11
5
13
8
9
11
6
10
6
8
4
7
5
10
8
5
6
4
6
11
6
7
9
10
10
4
5
5
5
7
8
4
6
5
8
5
5
4
6
2
6
4
6
5
4
6
4
5
4
8
6
5
4
3
5
6
5
7
5
6
4
5
5
8
7
6
3
4
3
11
8
3
9
6
14
7
9
8
9
7
6
6
8
9
7
8
8
8
6
9
5
8
11
9
10
11
14
11
8
11
5
7
11
9
13
9
9
20
8
7
12
14
15
10
7
4
13
7
9
9
6
7
9
12
12
6
5
8
5
5
8
7
2
7
4
6
8
2
5
4
7
6
5
5
4
3
1
4
1
2
2
5
1
4
3
5
4
3
1
6
3
1
3
2
1
3
2
2
2
0
4
3
3
3
3
1
0
2
1
2
1
2
2
2
3
1
2
1
2
4
5
3
2
2
1
1
2
2
5
5
2
0
4
4
2
2
3
4
3
1
0
1
1
2
0
1
1
3
4
0
1
3
3
1
6
0
1
2
2
2
2
1
3
2
1
0
2
0
1
0
6
1
0
2
1
0
3
0
3
1
2
1
3
3
1
2
0
1
1
3
1
2
0
2
0
4
2
1
4
1
6
2
5
5
3
1
1
3
0
2
1
5
2
4
2
6
5
2
1
6
3
4
8
1
9
11
8
11
11
13
19
37
103
89
39
20
8
2
1
2
0
0
0
0
0
0
0
0
0
0
0
0
0
0
0
0
0
0
0
0
0
0
0
0
0
0
0
0
0
0
0
0
0
0
0
0
0
0
0
0
0
0
0
0
0
0
0
0
0
0
0
0
0
0
0
0
0
0
0
0
0
0
0
0
0
0
0
0
0
0
0
0
0
0
0
0
0
0
0
0
0
0
0
0
0
0
0
0
0
0
0
0
0
0
0
0
0
0
0
0
0
0
0
0
0
0
0
0
0
0
0
0
0
0
0
0
0
0
0
0
0
0
0
0
0
0
0
0
0
0
0
0
0
0
0
0
0
0
0
0
0
0
0
0
0
0
0
0
0
0
0
0
0
0
0
0
0
0
0
0
0
0
0
0
0
0
0
0
0
0
0
0
0
0
0
0
0
0
0
0
0
0
0
0
0
0
