SpectrumID=SampleSpec
Time=16-03-2023 05:42:48 PM
DeadTime(%)=0.5
LiveTime=200
RealTime=201
Channels=0 1023
0
0
0
0
0
0
0
0
0
0
0
0
0
0
0
0
0
0
0
0
0
0
0
0
0
0
0
0
0
0
0
0
0
0
0
0
0
0
0
0
8
13
88
313
747
1561
1229
1128
1235
1200
1318
1344
1317
1398
1456
1480
1487
1430
1446
1415
1415
1472
1473
1472
1470
1477
1552
1537
1451
1416
1452
1485
1471
1485
1422
1338
1397
1366
1371
1322
1309
1347
1308
1349
1351
1256
1254
1236
1253
1270
1230
1207
1277
1255
1214
1271
1281
1297
1263
1234
1179
1244
1197
1207
1205
1184
1047
1081
1053
1029
1001
985
980
1002
949
961
935
884
900
911
864
790
816
784
804
788
757
751
646
700
657
666
659
613
644
599
647
596
532
542
565
521
558
573
569
528
554
531
549
526
499
498
484
506
493
501
496
486
531
454
480
470
468
460
470
493
464
464
496
432
440
434
453
460
426
423
418
419
447
410
412
424
415
433
431
402
420
420
411
382
364
393
431
408
394
408
380
390
403
378
365
366
371
357
365
391
362
348
326
359
335
337
310
328
308
281
316
268
298
309
245
273
251
271
245
234
232
203
216
207
222
198
207
182
220
188
189
210
164
181
222
175
166
204
171
160
200
168
158
180
184
161
165
161
156
164
185
174
164
166
145
173
155
167
156
186
179
171
200
197
202
204
216
248
225
231
310
285
355
337
428
422
471
480
570
582
661
692
744
831
788
885
904
961
1030
971
1074
1066
1076
1067
1062
1118
1093
988
931
916
902
884
749
760
666
646
598
518
440
401
330
290
230
214
191
169
113
117
92
74
75
56
67
57
28
33
22
30
24
19
19
32
20
27
14
19
14
24
18
16
23
16
20
15
20
18
17
19
15
17
25
19
19
16
20
14
19
14
9
16
16
15
24
18
20
19
19
17
10
15
19
10
15
20
10
21
15
20
14
18
14
11
21
17
14
10
18
18
11
26
18
25
13
14
15
18
15
20
28
17
16
8
12
19
16
19
20
12
18
16
14
11
13
11
15
20
11
12
9
15
11
11
17
20
6
10
14
13
20
13
18
12
14
8
15
7
10
13
10
13
10
13
14
13
4
9
11
14
3
12
13
13
11
6
11
13
6
11
15
7
9
9
5
6
15
7
3
14
9
14
11
8
14
13
8
9
16
11
7
7
8
12
8
12
13
10
10
9
13
7
12
4
14
14
13
9
8
8
11
11
13
10
14
6
13
8
8
4
14
9
8
9
9
8
15
10
13
5
6
10
6
6
7
5
10
4
2
14
6
12
9
9
7
8
10
7
7
4
8
4
10
6
6
5
4
9
3
9
7
9
5
6
6
7
6
6
1
8
5
5
0
9
3
6
2
4
2
6
6
10
5
6
7
4
4
5
5
7
3
7
11
6
7
9
5
6
9
5
6
3
5
2
6
5
6
9
8
8
5
7
6
6
13
8
8
5
6
9
8
4
10
8
10
9
6
9
14
11
16
8
9
7
10
13
9
10
11
12
10
10
14
11
12
8
8
9
13
16
7
14
7
14
9
11
8
5
8
8
11
2
5
9
5
3
4
7
4
4
1
3
7
5
5
4
3
5
4
6
5
2
2
3
1
1
7
1
2
4
2
3
2
2
1
0
2
2
2
1
2
3
0
4
3
1
3
1
1
2
3
2
0
2
2
1
2
2
2
4
3
2
2
3
0
1
1
2
3
0
2
2
2
2
2
1
3
2
0
3
3
4
4
0
2
4
1
2
2
0
2
1
2
3
2
1
1
4
2
0
1
1
0
1
3
2
2
2
0
1
4
2
3
1
0
2
1
4
2
3
3
1
1
2
2
3
3
0
2
1
3
1
1
3
4
3
1
1
2
2
5
1
3
1
4
4
7
2
3
3
5
2
4
5
4
2
3
5
3
7
3
6
3
6
4
4
4
4
8
9
4
8
10
9
16
53
87
94
36
28
9
2
3
0
0
0
0
0
0
0
0
0
0
0
0
0
0
0
0
0
0
0
0
0
0
0
0
0
0
0
0
0
0
0
0
0
0
0
0
0
0
0
0
0
0
0
0
0
0
0
0
0
0
0
0
0
0
0
0
0
0
0
0
0
0
0
0
0
0
0
0
0
0
0
0
0
0
0
0
0
0
0
0
0
0
0
0
0
0
0
0
0
0
0
0
0
0
0
0
0
0
0
0
0
0
0
0
0
0
0
0
0
0
0
0
0
0
0
0
0
0
0
0
0
0
0
0
0
0
0
0
0
0
0
0
0
0
0
0
0
0
0
0
0
0
0
0
0
0
0
0
0
0
0
0
0
0
0
0
0
0
0
0
0
0
0
0
0
0
0
0
0
0
0
0
0
0
0
0
0
0
0
0
0
0
0
0
0
0
0
