SpectrumID=SampleSpec
Time=16-03-2023 05:47:09 PM
DeadTime(%)=0.99
LiveTime=200
RealTime=202
Channels=0 1023
0
0
0
0
0
0
0
0
0
0
0
0
0
0
0
0
0
0
0
0
0
0
0
0
0
0
0
0
0
0
0
0
0
0
0
0
0
0
0
0
2
16
78
273
762
1557
1269
1154
1211
1312
1449
1341
1403
1470
1415
1397
1425
1432
1512
1421
1486
1475
1460
1511
1519
1450
1439
1508
1463
1455
1435
1448
1484
1455
1403
1386
1379
1294
1334
1334
1347
1241
1306
1252
1283
1253
1203
1264
1215
1217
1225
1191
1197
1250
1197
1247
1214
1296
1255
1241
1209
1146
1167
1091
1141
1039
1106
1055
1033
1013
987
935
1018
955
897
947
847
839
858
803
823
822
767
825
715
742
748
711
695
660
664
667
588
617
598
616
617
587
596
525
543
565
546
526
538
536
577
510
515
510
525
529
507
501
507
473
459
481
436
494
476
411
433
475
435
467
456
488
431
434
438
433
416
451
433
408
432
432
404
421
408
394
377
410
417
348
383
381
354
410
423
387
422
379
374
399
367
359
358
357
353
336
396
371
351
385
337
345
331
341
319
329
295
313
320
296
288
252
278
281
302
246
244
238
232
222
218
235
242
217
228
226
219
213
223
205
187
204
180
189
190
183
195
193
185
161
174
162
187
169
201
187
157
180
149
169
184
177
166
148
168
173
178
177
191
180
171
170
213
181
209
198
190
221
249
226
260
260
313
380
362
378
381
461
498
536
597
607
676
741
793
783
869
911
918
858
964
949
963
895
930
948
918
931
910
848
836
752
676
610
621
532
476
450
408
370
313
274
232
202
138
134
132
115
84
65
66
55
42
44
30
28
25
27
22
25
13
30
19
19
20
24
22
19
23
19
12
19
13
24
15
11
29
16
18
24
14
12
29
17
19
15
18
23
20
17
12
19
14
17
16
16
19
18
20
12
17
14
22
17
18
15
21
8
9
15
15
12
10
18
15
11
22
13
11
15
21
10
21
19
18
20
22
14
19
15
8
16
17
20
11
20
9
22
8
15
11
19
9
8
14
13
15
17
20
16
13
12
19
13
12
16
15
13
17
9
12
13
10
10
8
12
13
8
11
10
5
5
12
10
11
15
11
16
4
8
12
8
11
12
14
14
15
9
8
12
11
13
8
7
11
7
11
7
13
15
9
9
9
7
13
9
8
8
12
9
9
10
9
8
5
16
11
8
10
11
13
10
14
7
14
9
12
12
10
2
5
4
6
11
5
6
10
8
11
8
9
13
2
9
10
11
8
6
2
3
9
6
9
3
7
8
7
6
3
9
5
11
6
4
5
5
9
11
7
10
6
9
5
7
4
10
4
9
6
6
6
9
5
5
5
3
6
12
7
3
9
8
6
4
6
11
5
3
6
8
8
11
6
5
6
3
8
7
5
5
3
5
4
4
1
10
5
5
6
3
5
10
6
4
4
5
5
6
6
3
12
5
6
8
10
9
13
8
15
8
10
12
7
7
8
6
10
16
11
9
19
9
10
14
11
8
13
7
15
10
8
14
12
8
10
14
17
8
11
10
10
7
5
14
9
9
1
14
10
4
10
9
2
6
5
4
4
3
5
7
1
5
2
2
2
4
2
5
2
1
2
3
2
3
3
1
2
3
1
1
0
3
4
1
3
1
2
2
1
2
0
5
1
2
4
1
3
5
1
2
1
2
4
1
3
3
1
1
3
1
3
1
2
1
2
2
3
3
0
0
2
2
4
2
5
1
1
3
0
4
2
2
1
1
2
2
0
1
3
3
0
2
2
3
1
2
0
3
2
5
4
3
4
2
1
1
1
2
1
3
0
3
3
2
3
0
4
2
1
1
1
0
0
1
4
0
1
0
3
1
0
2
1
0
3
3
1
2
0
1
2
1
2
5
2
1
5
4
0
4
7
6
2
6
1
3
8
5
4
3
4
6
2
5
7
9
5
7
10
7
14
11
21
44
111
98
35
14
13
4
0
1
0
0
0
0
0
0
0
0
0
0
0
0
0
0
0
0
0
0
0
0
0
0
0
0
0
0
0
0
0
0
0
0
0
0
0
0
0
0
0
0
0
0
0
0
0
0
0
0
0
0
0
0
0
0
0
0
0
0
0
0
0
0
0
0
0
0
0
0
0
0
0
0
0
0
0
0
0
0
0
0
0
0
0
0
0
0
0
0
0
0
0
0
0
0
0
0
0
0
0
0
0
0
0
0
0
0
0
0
0
0
0
0
0
0
0
0
0
0
0
0
0
0
0
0
0
0
0
0
0
0
0
0
0
0
0
0
0
0
0
0
0
0
0
0
0
0
0
0
0
0
0
0
0
0
0
0
0
0
0
0
0
0
0
0
0
0
0
0
0
0
0
0
0
0
0
0
0
0
0
0
0
0
0
0
0
0
