SpectrumID=SampleSpec
Time=16-03-2023 05:51:21 PM
DeadTime(%)=0.99
LiveTime=200
RealTime=202
Channels=0 1023
0
0
0
0
0
0
0
0
0
0
0
0
0
0
0
0
0
0
0
0
0
0
0
0
0
0
0
0
0
0
0
0
0
0
0
0
0
0
0
1
1
18
64
265
707
1553
1240
1168
1181
1304
1326
1335
1398
1451
1482
1462
1400
1393
1471
1426
1499
1429
1410
1497
1405
1424
1514
1493
1460
1468
1421
1465
1398
1397
1417
1390
1352
1292
1268
1297
1293
1314
1267
1229
1299
1280
1179
1230
1173
1255
1236
1134
1186
1245
1178
1156
1148
1180
1203
1191
1162
1123
1118
1122
1093
1067
1023
1033
1009
943
972
936
922
900
900
848
874
822
799
813
776
829
760
717
713
701
689
679
633
624
690
595
589
569
579
597
547
560
570
565
530
525
506
554
507
493
512
509
494
488
483
490
487
478
478
471
456
446
460
447
463
446
490
459
441
474
417
420
413
405
413
397
435
386
381
417
368
381
413
366
374
418
420
406
391
395
369
393
357
386
388
355
368
364
365
373
345
374
354
341
335
343
327
331
351
327
357
339
318
342
310
300
317
288
310
278
256
288
261
265
214
258
277
245
237
223
235
239
212
192
188
198
181
203
209
190
203
198
202
181
166
190
163
182
185
183
189
185
172
172
186
194
173
162
171
177
172
191
164
180
159
176
158
172
190
203
168
202
180
207
213
210
216
224
218
235
261
302
299
324
328
341
369
420
447
439
528
540
607
617
679
787
761
729
817
838
820
855
865
887
876
799
799
832
733
697
696
672
633
593
537
489
438
417
375
349
256
242
201
168
153
138
104
91
101
66
61
33
44
45
34
38
31
22
23
26
18
20
20
18
21
18
25
23
26
18
20
23
22
18
20
15
18
21
20
15
29
16
22
11
16
14
16
21
19
16
14
17
18
15
7
18
14
16
14
17
20
14
18
14
20
15
20
16
14
17
9
10
24
7
15
13
16
18
20
14
16
17
19
17
12
24
20
13
18
14
8
13
21
14
17
13
14
12
12
17
13
18
12
6
12
14
12
15
13
14
19
14
14
20
9
13
13
19
13
11
11
8
14
10
5
20
13
11
12
10
14
10
8
13
6
9
13
6
9
7
7
4
5
14
12
11
10
13
7
13
14
14
16
14
12
13
8
11
11
9
17
10
5
7
7
10
5
10
9
10
9
10
10
7
9
9
7
16
13
9
10
8
9
11
11
12
16
4
14
8
8
8
7
8
7
7
10
11
5
4
11
9
9
7
8
15
8
2
7
9
11
6
5
4
6
5
4
8
13
8
2
7
9
8
7
5
5
4
7
1
11
7
10
5
5
6
8
5
4
3
8
8
9
3
6
4
4
7
2
2
9
9
10
7
3
7
2
1
2
3
4
3
6
5
8
3
4
10
7
6
7
5
14
2
4
7
7
0
7
4
9
7
1
11
4
5
5
7
3
14
10
5
3
4
7
15
5
10
13
5
12
11
13
11
8
9
5
14
5
11
17
15
10
8
14
9
8
8
9
12
9
8
11
10
9
16
8
8
10
12
15
10
11
7
12
5
6
5
9
4
5
8
10
6
2
5
4
9
0
4
6
3
7
3
4
5
2
5
4
4
2
6
3
2
3
3
2
3
1
1
3
6
2
5
4
0
2
4
3
2
2
2
2
1
5
2
4
1
5
4
2
4
4
2
2
1
2
2
2
2
0
1
4
1
2
1
2
2
1
1
1
1
3
4
1
2
0
1
3
0
2
2
2
1
3
1
0
2
3
2
0
2
4
2
0
2
1
2
1
2
5
3
0
1
2
2
2
3
2
3
7
2
0
0
1
0
2
3
1
2
1
4
2
0
4
0
2
2
1
1
4
2
2
2
3
3
1
1
3
2
2
4
3
3
3
5
4
2
4
1
7
1
5
2
2
5
3
7
5
3
6
9
5
7
10
7
4
8
6
8
17
20
18
54
123
72
33
15
9
2
0
1
0
1
0
0
0
0
0
0
0
0
0
0
0
0
0
0
0
0
0
0
0
0
0
0
0
0
0
0
0
0
0
0
0
0
0
0
0
0
0
0
0
0
0
0
0
0
0
0
0
0
0
0
0
0
0
0
0
0
0
0
0
0
0
0
0
0
0
0
0
0
0
0
0
0
0
0
0
0
0
0
0
0
0
0
0
0
0
0
0
0
0
0
0
0
0
0
0
0
0
0
0
0
0
0
0
0
0
0
0
0
0
0
0
0
0
0
0
0
0
0
0
0
0
0
0
0
0
0
0
0
0
0
0
0
0
0
0
0
0
0
0
0
0
0
0
0
0
0
0
0
0
0
0
0
0
0
0
0
0
0
0
0
0
0
0
0
0
0
0
0
0
0
0
0
0
0
0
0
0
0
0
0
0
0
0
0
