SpectrumID=SampleSpec
Time=16-03-2023 05:55:58 PM
DeadTime(%)=0.5
LiveTime=200
RealTime=201
Channels=0 1023
0
0
0
0
0
0
0
0
0
0
0
0
0
0
0
0
0
0
0
0
0
0
0
0
0
0
0
0
0
0
0
0
0
0
0
0
0
0
0
0
1
18
80
282
688
1571
1275
1140
1186
1226
1422
1396
1362
1465
1391
1389
1455
1394
1455
1483
1495
1413
1514
1477
1492
1430
1546
1455
1375
1449
1431
1445
1343
1435
1383
1357
1379
1299
1304
1242
1213
1279
1252
1269
1188
1214
1197
1168
1196
1196
1174
1147
1194
1153
1142
1130
1117
1139
1190
1167
1143
1114
1052
1041
1040
1018
1035
937
1045
988
856
918
851
922
834
849
821
796
761
774
729
773
727
693
633
634
648
640
611
661
611
600
594
570
563
544
573
560
512
523
510
522
531
495
495
498
471
455
471
444
502
458
462
482
418
418
445
419
477
449
431
388
455
437
440
393
416
435
454
403
402
389
410
381
393
381
343
369
370
398
389
361
335
349
358
361
379
359
357
336
352
353
324
349
340
341
354
315
343
351
322
330
307
335
323
312
315
291
309
310
288
265
278
297
255
279
279
255
256
228
267
234
223
224
211
197
217
214
211
215
210
198
209
178
213
216
180
176
202
198
205
192
157
163
174
154
148
199
167
148
162
161
183
164
172
157
154
140
149
175
178
165
166
186
168
178
169
161
184
160
196
208
196
193
224
244
226
298
262
307
281
345
365
369
435
421
475
516
555
596
637
602
707
690
730
734
789
773
800
712
763
719
728
733
711
640
641
605
555
494
454
439
402
332
314
263
224
214
167
132
145
124
105
81
66
48
58
48
42
50
28
28
19
21
27
26
17
18
21
16
20
21
13
19
22
18
21
21
18
13
14
21
11
18
17
17
18
20
18
13
19
22
15
11
13
18
18
16
16
18
18
13
20
15
13
10
9
18
11
15
10
6
15
13
13
15
12
16
17
10
12
17
17
22
13
11
15
17
18
18
6
17
19
15
18
20
21
17
14
19
14
14
12
13
9
13
9
14
15
14
13
9
9
12
8
12
9
17
7
8
7
10
9
20
16
14
12
15
16
12
15
14
12
8
15
18
6
12
12
13
5
10
11
8
7
6
10
18
11
8
9
13
6
10
8
11
13
10
12
14
9
6
11
7
13
13
4
12
6
10
5
9
13
9
8
8
8
6
14
10
9
10
9
10
4
9
4
12
10
10
8
7
9
9
7
12
5
11
6
7
10
9
9
8
4
13
9
12
5
12
12
5
6
7
10
5
4
5
7
10
10
7
8
8
3
7
6
10
5
9
6
5
5
5
8
6
4
3
2
6
9
9
10
7
7
6
4
4
10
7
3
9
6
4
3
11
4
6
4
6
6
6
7
6
3
4
3
5
0
2
5
2
1
2
4
7
5
1
7
7
7
8
6
7
1
5
4
6
10
5
4
7
7
3
7
8
9
12
8
5
4
7
9
7
11
5
5
7
6
13
11
12
9
11
6
12
7
10
16
16
11
15
11
13
7
13
5
13
9
14
10
11
12
11
7
5
9
7
9
4
6
9
4
6
4
9
6
4
3
2
12
2
1
5
7
7
6
3
4
2
5
2
4
5
3
2
3
6
4
3
0
3
2
1
4
2
1
4
2
2
2
1
2
4
1
1
2
3
3
1
3
3
4
2
1
3
3
1
2
5
0
0
1
1
1
2
1
2
3
1
1
1
1
2
1
1
5
2
2
1
2
0
2
1
3
3
0
5
3
3
3
2
1
2
0
0
1
1
2
1
0
4
2
1
2
2
2
1
2
1
1
4
4
1
6
2
3
2
3
1
0
3
4
1
3
0
1
2
2
0
0
2
3
2
2
1
4
2
0
2
1
3
0
3
3
1
0
3
5
4
0
4
3
4
3
4
7
4
5
6
3
5
4
3
3
3
3
8
2
5
6
7
7
8
9
11
11
16
24
62
119
57
20
12
10
3
1
0
0
0
0
0
0
0
0
0
0
0
0
0
0
0
0
0
0
0
0
0
0
0
0
0
0
0
0
0
0
0
0
0
0
0
0
0
0
0
0
0
0
0
0
0
0
0
0
0
0
0
0
0
0
0
0
0
0
0
0
0
0
0
0
0
0
0
0
0
0
0
0
0
0
0
0
0
0
0
0
0
0
0
0
0
0
0
0
0
0
0
0
0
0
0
0
0
0
0
0
0
0
0
0
0
0
0
0
0
0
0
0
0
0
0
0
0
0
0
0
0
0
0
0
0
0
0
0
0
0
0
0
0
0
0
0
0
0
0
0
0
0
0
0
0
0
0
0
0
0
0
0
0
0
0
0
0
0
0
0
0
0
0
0
0
0
0
0
0
0
0
0
0
0
0
0
0
0
0
0
0
0
0
0
0
0
0
