SpectrumID=SampleSpec
Time=16-03-2023 06:00:53 PM
DeadTime(%)=0.99
LiveTime=200
RealTime=202
Channels=0 1023
0
0
0
0
0
0
0
0
0
0
0
0
0
0
0
0
0
0
0
0
0
0
0
0
0
0
0
0
0
0
0
0
0
0
0
0
0
0
0
0
4
9
76
273
726
1612
1229
1133
1164
1285
1360
1423
1409
1408
1424
1436
1404
1402
1437
1501
1416
1399
1511
1464
1477
1467
1450
1472
1456
1418
1433
1484
1437
1366
1480
1363
1350
1275
1343
1316
1221
1243
1208
1223
1226
1192
1229
1222
1172
1190
1178
1211
1135
1184
1181
1153
1198
1178
1128
1136
1142
1055
1025
1028
980
1066
943
995
984
959
881
886
921
848
827
809
823
859
773
750
755
704
713
655
689
634
643
679
617
559
587
562
603
529
592
528
523
558
518
514
526
497
497
492
514
454
449
491
449
470
464
455
433
471
422
420
426
454
392
430
453
458
370
386
418
378
441
396
438
410
386
384
407
389
366
371
335
348
390
336
368
324
356
342
353
387
369
339
356
349
341
322
354
334
306
357
300
357
358
353
299
372
324
331
296
294
296
326
293
302
270
284
276
267
264
287
238
241
257
252
229
237
248
201
253
223
205
226
186
217
200
191
209
191
189
161
211
209
185
182
166
208
195
189
196
174
165
172
162
169
161
150
183
164
181
178
152
160
143
171
158
178
154
163
180
167
177
168
174
178
179
180
188
213
207
218
240
240
247
276
282
344
308
365
374
380
442
458
534
550
531
561
613
629
638
675
641
691
727
693
687
671
665
608
636
580
541
503
456
468
424
382
345
302
303
239
214
183
169
129
115
98
86
58
77
58
52
31
34
37
15
26
29
27
16
15
23
23
22
19
15
27
22
15
16
25
16
14
20
11
18
17
15
18
17
14
20
14
13
16
10
20
15
15
12
18
16
17
11
13
20
13
20
19
6
15
19
12
22
19
12
21
17
19
9
14
14
16
18
13
13
16
13
13
17
16
15
15
16
21
16
17
17
16
19
15
22
16
15
20
14
12
16
23
19
11
14
14
13
17
14
14
10
11
17
14
4
18
12
8
18
17
11
17
7
14
11
10
15
16
12
11
14
15
6
8
14
12
10
12
9
12
7
14
10
16
7
5
9
15
12
7
7
1
6
7
10
12
12
6
7
8
5
11
11
13
8
10
8
11
14
12
10
12
11
8
8
7
8
12
6
4
11
9
9
6
12
6
9
5
11
11
4
9
11
9
11
10
13
7
11
12
10
11
7
8
10
7
8
12
5
12
8
5
6
10
6
8
9
9
6
8
7
9
3
7
7
8
10
5
12
8
8
7
5
6
3
4
4
5
5
6
11
6
1
8
10
9
9
3
6
8
7
3
4
4
7
8
5
5
5
4
4
4
2
6
6
9
6
5
8
1
6
6
6
5
4
4
8
1
4
6
5
4
8
2
2
8
10
7
7
5
8
9
4
4
6
9
5
10
6
7
13
12
10
7
5
13
12
5
7
9
10
12
10
16
11
16
8
5
13
10
12
6
11
11
8
10
12
7
9
5
10
6
9
7
8
9
7
7
9
3
7
6
10
6
5
4
8
3
3
7
2
4
10
3
3
4
8
1
1
2
5
0
3
2
3
1
3
3
3
4
4
2
1
2
2
5
3
2
6
2
3
4
3
5
1
4
2
0
2
5
0
1
2
2
1
1
2
2
2
1
1
1
1
0
2
2
1
1
1
3
2
2
4
1
1
2
1
0
3
2
1
0
1
2
1
2
0
1
3
1
3
2
5
3
3
0
3
4
0
2
1
1
1
6
1
4
2
1
3
1
1
0
5
0
2
3
1
1
1
3
0
2
0
1
2
0
0
3
1
0
1
0
2
0
1
4
2
3
1
1
3
4
1
3
2
2
3
2
1
4
2
0
3
3
2
3
5
3
5
5
4
1
4
10
6
5
5
4
5
7
7
7
8
14
15
11
31
69
122
85
20
10
4
1
0
1
1
0
0
0
0
0
0
0
0
0
0
0
0
0
0
0
0
0
0
0
0
0
0
0
0
0
0
0
0
0
0
0
0
0
0
0
0
0
0
0
0
0
0
0
0
0
0
0
0
0
0
0
0
0
0
0
0
0
0
0
0
0
0
0
0
0
0
0
0
0
0
0
0
0
0
0
0
0
0
0
0
0
0
0
0
0
0
0
0
0
0
0
0
0
0
0
0
0
0
0
0
0
0
0
0
0
0
0
0
0
0
0
0
0
0
0
0
0
0
0
0
0
0
0
0
0
0
0
0
0
0
0
0
0
0
0
0
0
0
0
0
0
0
0
0
0
0
0
0
0
0
0
0
0
0
0
0
0
0
0
0
0
0
0
0
0
0
0
0
0
0
0
0
0
0
0
0
0
0
0
0
0
0
0
0
0
