SpectrumID=SampleSpec
Time=16-03-2023 06:05:06 PM
DeadTime(%)=0.99
LiveTime=200
RealTime=202
Channels=0 1023
0
0
0
0
0
0
0
0
0
0
0
0
0
0
0
0
0
0
0
0
0
0
0
0
0
0
0
0
0
0
0
0
0
0
0
0
0
0
1
0
2
28
84
290
701
1587
1258
1152
1194
1286
1367
1375
1400
1460
1378
1458
1444
1482
1453
1456
1443
1556
1498
1478
1439
1493
1465
1446
1439
1449
1483
1392
1427
1339
1389
1338
1309
1331
1294
1238
1261
1296
1191
1182
1229
1191
1158
1195
1165
1136
1104
1177
1141
1170
1156
1118
1115
1093
1134
1070
1017
1051
1021
1045
1015
927
952
923
955
925
902
844
875
844
832
806
807
746
744
727
717
705
656
691
599
686
598
538
581
589
543
563
512
512
578
513
555
503
537
486
452
466
498
459
468
461
476
457
441
470
406
420
482
411
426
435
418
427
411
409
399
384
438
409
360
415
377
410
389
413
368
407
354
360
361
346
356
361
396
382
322
375
326
354
347
360
295
354
341
376
322
314
343
326
314
310
319
284
293
310
307
326
264
310
296
275
320
266
285
250
279
276
253
271
229
261
227
218
228
219
254
228
210
222
214
213
207
192
191
204
229
175
180
170
185
193
179
166
169
187
165
167
166
174
173
168
188
156
163
174
176
166
155
163
160
171
160
185
154
163
139
159
184
161
170
157
172
157
183
173
202
159
185
198
209
218
229
232
217
295
232
262
292
320
397
372
409
432
462
486
505
494
561
531
537
630
650
611
618
609
634
571
626
561
519
536
523
462
434
370
376
317
316
261
231
234
185
173
145
122
104
101
80
59
61
50
38
39
41
44
35
23
28
20
22
19
18
16
17
28
17
13
13
17
12
19
21
18
23
14
13
23
20
19
25
9
20
17
15
17
10
15
16
12
17
12
22
17
12
16
23
16
18
8
19
10
14
19
19
9
11
10
10
11
17
15
20
17
19
16
16
11
14
24
21
13
15
14
21
16
14
24
16
10
20
12
10
14
8
16
15
22
15
7
10
14
14
15
17
15
11
17
9
13
13
13
12
16
13
17
16
14
12
16
16
9
17
14
14
9
14
6
12
16
10
11
7
13
14
10
10
7
15
16
12
11
8
11
12
10
8
11
6
7
8
12
8
15
13
4
14
8
7
16
5
9
8
12
6
11
12
11
5
6
7
12
11
8
8
13
9
3
11
11
8
4
10
14
4
15
8
8
6
6
11
16
7
10
7
12
12
14
9
7
8
11
9
6
8
5
7
8
10
9
9
14
5
6
7
7
6
8
6
6
5
3
6
9
8
11
7
7
10
10
10
6
7
8
4
6
6
8
3
6
5
6
5
2
5
11
7
1
4
6
7
5
7
4
3
5
1
7
6
8
7
3
4
3
4
6
6
9
3
7
8
4
4
8
7
7
2
4
6
2
0
3
2
7
4
2
6
4
3
9
8
11
10
6
5
10
6
6
13
6
4
12
10
8
10
8
7
9
10
10
12
7
10
7
12
10
17
9
12
12
14
12
12
10
12
11
13
10
6
7
9
12
10
7
10
12
9
5
11
9
7
3
9
6
4
4
5
14
1
11
7
3
6
5
2
4
5
2
5
4
2
3
3
2
7
1
2
4
2
3
2
1
2
1
0
5
3
1
4
1
5
2
1
1
1
4
1
4
1
2
3
1
4
0
3
1
1
0
3
1
4
2
3
3
2
1
4
1
1
2
3
2
2
1
0
3
1
0
1
1
1
2
0
1
3
0
3
2
2
0
0
1
4
2
0
3
1
3
1
1
1
1
3
3
1
1
1
4
1
2
1
2
2
4
0
2
2
0
2
0
0
2
3
4
1
1
5
3
1
3
2
2
3
0
2
2
2
3
1
0
2
0
0
4
6
4
4
2
5
1
4
5
3
1
6
6
5
6
2
4
4
5
2
6
6
3
5
7
3
8
7
4
10
12
33
79
130
49
30
16
3
1
2
0
0
1
0
0
0
0
0
0
0
0
0
0
0
0
0
0
0
0
0
0
0
0
0
0
0
0
0
0
0
0
0
0
0
0
0
0
0
0
0
0
0
0
0
0
0
0
0
0
0
0
0
0
0
0
0
0
0
0
0
0
0
0
0
0
0
0
0
0
0
0
0
0
0
0
0
0
0
0
0
0
0
0
0
0
0
0
0
0
0
0
0
0
0
0
0
0
0
0
0
0
0
0
0
0
0
0
0
0
0
0
0
0
0
0
0
0
0
0
0
0
0
0
0
0
0
0
0
0
0
0
0
0
0
0
0
0
0
0
0
0
0
0
0
0
0
0
0
0
0
0
0
0
0
0
0
0
0
0
0
0
0
0
0
0
0
0
0
0
0
0
0
0
0
0
0
0
0
0
0
0
0
0
0
0
0
0
