SpectrumID=SampleSpec
Time=16-03-2023 05:13:13 PM
DeadTime(%)=0.5
LiveTime=200
RealTime=201
Channels=0 1023
0
0
0
0
0
0
0
0
0
0
0
0
0
0
0
0
0
0
0
0
0
0
0
0
0
0
0
0
0
0
0
0
0
0
0
0
0
0
0
0
3
7
28
112
394
868
671
584
619
744
756
770
729
772
790
838
784
815
747
810
820
813
765
759
782
781
715
698
725
787
671
667
677
671
650
601
614
638
566
614
597
554
568
498
516
516
542
515
508
435
454
484
478
409
413
421
418
407
430
374
380
350
405
327
341
363
360
317
325
316
322
303
318
318
319
294
272
282
270
277
266
274
236
215
242
223
209
217
205
199
195
193
179
196
196
181
166
154
192
142
155
139
156
172
158
146
149
151
158
161
144
119
119
128
114
119
127
118
143
119
117
129
129
120
100
120
109
99
126
95
93
106
110
80
99
94
92
79
85
68
76
75
88
77
78
66
86
70
70
79
70
64
63
53
77
65
56
58
49
64
62
56
64
77
56
46
57
59
56
65
54
63
75
55
47
46
59
53
58
58
51
68
51
55
54
41
49
52
59
54
59
60
54
46
51
56
64
48
54
47
46
46
46
60
46
47
42
48
40
36
42
49
48
25
35
37
44
44
43
41
53
33
48
48
32
37
40
29
46
40
42
41
28
41
51
38
38
35
33
34
39
27
36
35
41
35
50
46
45
63
46
30
41
48
54
45
45
40
57
48
37
41
38
39
46
42
40
33
28
32
31
32
18
26
16
32
30
20
28
24
26
20
22
28
17
14
22
14
16
15
16
12
16
22
23
16
14
24
16
20
20
21
14
13
24
18
18
20
20
21
17
26
18
25
11
21
13
15
22
9
15
13
10
11
12
11
13
10
14
12
15
18
15
14
12
16
10
16
16
16
15
12
20
17
12
16
14
14
17
9
15
11
14
13
18
18
12
17
8
17
26
14
12
15
19
12
14
18
13
16
9
19
15
14
16
11
20
19
12
13
17
20
15
9
15
19
13
14
11
20
18
15
11
16
17
18
11
16
7
9
12
5
11
12
19
11
9
10
8
10
9
6
9
9
14
12
11
5
9
14
15
11
11
4
4
12
12
7
8
9
12
15
12
6
13
10
10
13
9
8
8
16
9
6
8
12
9
9
8
6
10
5
7
9
12
14
6
9
8
13
17
11
17
9
12
15
6
12
9
6
8
11
10
9
17
10
8
15
10
5
6
13
5
7
9
12
11
9
6
9
9
8
8
13
7
5
6
7
10
4
5
12
5
9
7
6
7
6
2
6
7
10
5
4
6
9
6
9
2
8
7
6
5
10
8
6
3
3
5
7
5
2
6
9
12
1
7
4
6
4
5
0
1
8
8
7
3
5
9
6
2
10
6
3
4
1
7
6
7
5
3
7
8
4
5
8
9
6
5
3
11
8
9
8
6
11
9
6
9
17
9
8
6
8
9
6
11
12
14
10
8
12
8
14
12
9
10
12
11
10
7
4
9
10
5
12
15
6
9
8
8
8
9
10
13
6
7
3
4
4
7
6
4
8
4
3
5
1
4
3
3
4
6
3
4
3
1
2
1
5
3
3
2
2
5
0
0
3
2
2
1
7
1
2
1
1
3
3
5
2
1
3
2
4
3
2
1
0
2
0
2
1
1
2
3
3
2
3
3
2
2
7
2
1
1
1
4
1
0
0
1
0
2
0
4
1
2
3
1
1
5
2
2
2
4
1
0
3
3
0
1
2
2
1
2
5
0
4
1
1
5
2
2
2
0
0
3
0
2
3
2
0
2
3
1
1
4
2
2
2
3
2
3
1
2
1
2
2
0
2
1
1
0
2
0
2
1
1
2
0
3
3
2
2
2
0
2
5
6
8
4
7
4
3
1
5
4
8
1
5
2
3
5
6
8
5
9
12
22
63
152
104
15
6
3
2
0
1
0
0
0
0
0
0
0
0
0
0
0
0
0
0
0
0
0
0
0
0
0
0
0
0
0
0
0
0
0
0
0
0
0
0
0
0
0
0
0
0
0
0
0
0
0
0
0
0
0
0
0
0
0
0
0
0
0
0
0
0
0
0
0
0
0
0
0
0
0
0
0
0
0
0
0
0
0
0
0
0
0
0
0
0
0
0
0
0
0
0
0
0
0
0
0
0
0
0
0
0
0
0
0
0
0
0
0
0
0
0
0
0
0
0
0
0
0
0
0
0
0
0
0
0
0
0
0
0
0
0
0
0
0
0
0
0
0
0
0
0
0
0
0
0
0
0
0
0
0
0
0
0
0
0
0
0
0
0
0
0
0
0
0
0
0
0
0
0
0
0
0
0
0
0
0
0
0
0
0
0
0
0
0
0
0
0
